start,end,startHour,endHour,duration
1635079051,1635081140,14:37:31,15:12:20,2089
1635085029,1635087126,16:17:09,16:52:06,2097
1635090838,1635092524,17:53:58,18:22:04,1686
1635096464,1635098577,19:27:44,20:02:57,2113
1635102639,1635104318,21:10:39,21:38:38,1679
1635108364,1635110122,22:46:04,23:15:22,1758
1635113812,1635116081,00:16:52,00:54:41,2269
1635119889,1635121235,01:58:09,02:20:35,1346
1635125031,1635126246,03:23:51,03:44:06,1215
1635130008,1635132012,04:46:48,05:20:12,2004
1635135920,1635137379,06:25:20,06:49:39,1459
1635140984,1635142363,07:49:44,08:12:43,1379
1635146410,1635148137,09:20:10,09:48:57,1727
1635149186,1635150635,10:06:26,10:30:35,1449
1635154269,1635155399,11:31:09,11:49:59,1130
1635159578,1635161783,12:59:38,13:36:23,2205
1635165616,1635167350,14:40:16,15:09:10,1734
1635169684,1635170884,15:48:04,16:08:04,1200
1635174679,1635176955,17:11:19,17:49:15,2276
1635180895,1635182437,18:54:55,19:20:37,1542
1635186243,1635188440,20:24:03,21:00:40,2197
1635192327,1635194122,22:05:27,22:35:22,1795
1635197885,1635199779,23:38:05,00:09:39,1894
1635203563,1635205639,01:12:43,01:47:19,2076
1635209670,1635211193,02:54:30,03:19:53,1523
1635214806,1635216793,04:20:06,04:53:13,1987
1635220826,1635222407,06:00:26,06:26:47,1581
1635226031,1635228010,07:27:11,08:00:10,1979
1635231940,1635233834,09:05:40,09:37:14,1894
1635237575,1635238875,10:39:35,11:01:15,1300
1635242775,1635244782,12:06:15,12:39:42,2007
1635248400,1635250245,13:40:00,14:10:45,1845
1635254353,1635255937,15:19:13,15:45:37,1584
1635259605,1635261750,16:46:45,17:22:30,2145
1635265744,1635267080,18:29:04,18:51:20,1336
1635271236,1635272603,20:00:36,20:23:23,1367
1635276271,1635277472,21:24:31,21:44:32,1201
1635281612,1635282859,22:53:32,23:14:19,1247
1635286694,1635288477,00:18:14,00:47:57,1783
1635292249,1635293778,01:50:49,02:16:18,1529
1635297677,1635299116,03:21:17,03:45:16,1439
1635303016,1635305039,04:50:16,05:23:59,2023
1635308921,1635310387,06:28:41,06:53:07,1466
1635314064,1635315896,07:54:24,08:24:56,1832
1635319586,1635320848,09:26:26,09:47:28,1262
1635324520,1635326618,10:48:40,11:23:38,2098
1635330479,1635332318,12:27:59,12:58:38,1839
1635336215,1635338087,14:03:35,14:34:47,1872
1635342110,1635344034,15:41:50,16:13:54,1924
1635348159,1635349987,17:22:39,17:53:07,1828
1635353820,1635355623,18:57:00,19:27:03,1803
1635359281,1635360505,20:28:01,20:48:25,1224
1635364164,1635365996,21:49:24,22:19:56,1832
1635369870,1635371845,23:24:30,23:57:25,1975
1635375673,1635377482,01:01:13,01:31:22,1809
1635381618,1635383466,02:40:18,03:11:06,1848
1635387386,1635388580,04:16:26,04:36:20,1194
1635392393,1635393618,05:39:53,06:00:18,1225
1635397594,1635399038,07:06:34,07:30:38,1444
1635402660,1635404201,08:31:00,08:56:41,1541
1635408061,1635409967,10:01:01,10:32:47,1906
1635413915,1635415717,11:38:35,12:08:37,1802
1635419484,1635421639,13:11:24,13:47:19,2155
1635425685,1635427181,14:54:45,15:19:41,1496
1635428233,1635431363,15:37:13,16:29:23,3130
1635435424,1635438521,17:37:04,18:28:41,3097
1635442618,1635445313,19:36:58,20:21:53,2695
1635448877,1635451110,21:21:17,21:58:30,2233
1635454999,1635458213,23:03:19,23:56:53,3214
1635461992,1635464419,00:59:52,01:40:19,2427
1635468069,1635471388,02:41:09,03:36:28,3319
1635475700,1635478736,04:48:20,05:38:56,3036
1635482837,1635484844,06:47:17,07:20:44,2007
1635488488,1635490633,08:21:28,08:57:13,2145
1635494403,1635496963,10:00:03,10:42:43,2560
1635501125,1635503583,11:52:05,12:33:03,2458
1635507505,1635510733,13:38:25,14:32:13,3228
1635513717,1635517649,15:21:57,16:27:29,3932
1635521940,1635526626,17:39:00,18:57:06,4686
1635530301,1635533344,19:58:21,20:49:04,3043
1635536332,1635540548,21:38:52,22:49:08,4216
1635545508,1635551734,00:11:48,01:55:34,6226
1635556745,1635561511,03:19:05,04:38:31,4766
1635565214,1635569635,05:40:14,06:53:55,4421
1635573535,1635578613,07:58:55,09:23:33,5078
1635581452,1635584334,10:10:52,10:58:54,2882
1635588743,1635593228,12:12:23,13:27:08,4485