start,end,startHour,endHour,duration
1635169678,1635170830,15:47:58,16:07:10,1152
1635174581,1635176122,17:09:41,17:35:22,1541
1635180184,1635182092,18:43:04,19:14:52,1908
1635185951,1635188052,20:19:11,20:54:12,2101
1635192047,1635193446,22:00:47,22:24:06,1399
1635197511,1635198845,23:31:51,23:54:05,1334
1635202793,1635204646,00:59:53,01:30:46,1853
1635208375,1635210227,02:32:55,03:03:47,1852
1635213996,1635215508,04:06:36,04:31:48,1512
1635219277,1635220406,05:34:37,05:53:26,1129
1635224433,1635225947,07:00:33,07:25:47,1514
1635229879,1635231921,08:31:19,09:05:21,2042
1635235880,1635237942,10:11:20,10:45:42,2062
1635241827,1635243891,11:50:27,12:24:51,2064
1635247575,1635249502,13:26:15,13:58:22,1927
1635253357,1635255686,15:02:37,15:41:26,2329
1635259535,1635261676,16:45:35,17:21:16,2141
1635265604,1635267437,18:26:44,18:57:17,1833
1635271492,1635273096,20:04:52,20:31:36,1604
1635277088,1635278526,21:38:08,22:02:06,1438
1635282189,1635283458,23:03:09,23:24:18,1269
1635287273,1635288938,00:27:53,00:55:38,1665
1635292582,1635294308,01:56:22,02:25:08,1726
1635298308,1635299650,03:31:48,03:54:10,1342
1635303481,1635304797,04:58:01,05:19:57,1316
1635308477,1635310262,06:21:17,06:51:02,1785
1635313941,1635315073,07:52:21,08:11:13,1132
1635318742,1635320500,09:12:22,09:41:40,1758
1635324331,1635325680,10:45:31,11:08:00,1349
1635329761,1635331281,12:16:01,12:41:21,1520
1635335099,1635336517,13:44:59,14:08:37,1418
1635340238,1635341797,15:10:38,15:36:37,1559
1635345763,1635347615,16:42:43,17:13:35,1852
1635351800,1635354116,18:23:20,19:01:56,2316
1635357799,1635359057,20:03:19,20:24:17,1258
1635363082,1635365045,21:31:22,22:04:05,1963
1635368825,1635370945,23:07:05,23:42:25,2120
1635374833,1635376878,00:47:13,01:21:18,2045
1635380596,1635381772,02:23:16,02:42:52,1176
1635385682,1635387614,03:48:02,04:20:14,1932
1635391224,1635392967,05:20:24,05:49:27,1743
1635397147,1635398808,06:59:07,07:26:48,1661
1635402713,1635403920,08:31:53,08:52:00,1207
1635407778,1635409347,09:56:18,10:22:27,1569
1635413016,1635415146,11:23:36,11:59:06,2130
1635419100,1635421218,13:05:00,13:40:18,2118
1635425402,1635426818,14:50:02,15:13:38,1416
1635428237,1635431013,15:37:17,16:23:33,2776
1635435110,1635438913,17:31:50,18:35:13,3803
1635443074,1635445149,19:44:34,20:19:09,2075
1635449284,1635452059,21:28:04,22:14:19,2775
1635455770,1635458370,23:16:10,23:59:30,2600
1635462830,1635466014,01:13:50,02:06:54,3184
1635469533,1635472679,03:05:33,03:57:59,3146
1635476191,1635479605,04:56:31,05:53:25,3414
1635483888,1635486775,07:04:48,07:52:55,2887
1635491091,1635494373,09:04:51,09:59:33,3282
1635498033,1635501933,11:00:33,12:05:33,3900
1635505790,1635508109,13:09:50,13:48:29,2319
1635512001,1635514737,14:53:21,15:38:57,2736
1635518925,1635521151,16:48:45,17:25:51,2226
1635525001,1635528596,18:30:01,19:29:56,3595
1635532968,1635535985,20:42:48,21:33:05,3017
1635536328,1635541304,21:38:48,23:01:44,4976
1635546489,1635552266,00:28:09,02:04:26,5777
1635556100,1635561554,03:08:20,04:39:14,5454
1635566627,1635569792,06:03:47,06:56:32,3165
1635573410,1635578788,07:56:50,09:26:28,5378
1635581457,1635584076,10:10:57,10:54:36,2619
1635584480,1635590101,11:01:20,12:35:01,5621
1635595359,1635599176,14:02:39,15:06:16,3817